blc pretreat compete L0 chl0 chlin0 tou0 Lend touend Aphid mdamageP mwP dwH ddamage
1 0 0 159 9.69 10.7857142857143 98.3333333333333 212 131.666666666667 NaN NaN NaN 1.98607063722707 44
1 0 0 171 10.55 10.2333333333333 121.666666666667 217 120 NaN NaN NaN 1.94327450183284 41
1 0 0 205 11.3 11.525 106.666666666667 264 141.666666666667 NaN NaN NaN 2.12532510518299 60
1 0 1 150 8.49 9.42222222222222 63.3333333333333 192 176.666666666667 15 NaN NaN 1.66920363833799 70
1 0 2 172 12.46 12.8666666666667 86.6666666666667 214 123.333333333333 NaN 11 0.0112924323465723 1.85915492957747 20
1 0 3 123 12.8 12.7875 76.6666666666667 152 136.666666666667 NaN NaN NaN 1.65471333347922 38.5
1 1 0 133 11.34 11.4857142857143 101.666666666667 199 140 52 NaN NaN 1.67126574813708 80
1 2 0 176 10.2 10.8 128.333333333333 287 153.333333333333 NaN 11.5 NaN 0.977610679121892 84
1 3 0 205 11.3 11.525 106.666666666667 289 195 NaN NaN NaN 1.64157948264224 65
2 0 0 130 13.72 13.9555555555556 140 122 130 NaN NaN NaN 2.10020942518351 55
2 0 0 209 9.1 9.2 115 256 98.3333333333333 NaN NaN NaN 1.97303247384759 57
2 0 0 206 9.58 10.0555555555556 113.333333333333 253 108.333333333333 NaN NaN NaN 1.77226318817195 66
2 0 1 216 9.8 9.31666666666666 123.333333333333 266 131.666666666667 40 NaN NaN 1.86757925769448 64
2 0 2 141 10.04 8.6 143.333333333333 191 111.666666666667 NaN 8.5 0.0112419027848419 1.46075141428935 60
2 0 3 174 11.37 11 120 196 105 NaN NaN NaN 1.78466989865076 27.5
2 1 0 187 9.17 9.61111111111111 98.3333333333333 316 135 19.5 NaN NaN 1.46521667455078 38
2 2 0 174 10.03 10.03 131.666666666667 231 163.333333333333 NaN 8.5 NaN 1.78808284476426 55
2 3 0 206 9.58 10.0555555555556 113.333333333333 252 123.333333333333 NaN NaN NaN 1.37007741940981 52
3 0 0 144 11.25 11.25 125 162 133.333333333333 NaN NaN NaN 1.37599954258743 41
3 0 0 218 12.71 12.71 153.333333333333 304 161.666666666667 NaN NaN NaN 1.45945919492429 66
3 0 0 218 11.24 11.24 178.333333333333 242 131.666666666667 NaN NaN NaN 1.38860709528353 51
3 0 1 170 11.48 11.7555555555556 118.333333333333 212 126.666666666667 55.5 NaN NaN 1.58575530364585 58
3 0 2 150 11.85 11.875 136.666666666667 179 155 NaN 11.5 0.00943368336574575 1.47108553935271 48
3 0 3 168 14.33 15.9428571428571 135 208 178.333333333333 NaN NaN NaN 1.61620390014235 36
NaN 1 0 NaN NaN NaN NaN NaN NaN NaN NaN NaN NaN NaN
NaN 2 0 NaN NaN NaN NaN NaN NaN NaN NaN NaN NaN NaN
NaN 3 0 NaN NaN NaN NaN NaN NaN NaN NaN NaN NaN NaN
4 0 0 168 10.52 10.5625 125 208 165 NaN NaN NaN 1.78370872980417 78
4 0 0 82 11.34 11.6333333333333 163.333333333333 98 113.333333333333 NaN NaN NaN 1.69697288756541 28
4 0 0 194 8.49 9.375 141.666666666667 196 166.666666666667 NaN NaN NaN 1.38257167075662 47
4 0 1 196 8.99 9.52222222222222 98.3333333333333 193 131.666666666667 40.5 NaN NaN 1.49280571392313 53
4 0 2 244 9.23 9.23 111.666666666667 252 111.666666666667 NaN 11.5 0.00842573186122104 1.50679523946942 50
4 0 3 228 11.58 11.58 96.6666666666667 249 121.666666666667 NaN NaN NaN 1.29860585453494 49.5
4 1 0 214 10.84 11.5 178.333333333333 260 106.333333333333 37 NaN NaN 1.67627671416921 77
4 2 0 177 10.11 10.2714285714286 130 202 128.333333333333 NaN 15 NaN 1.65711548964813 58
4 3 0 194 8.49 9.375 141.666666666667 197 128.333333333333 NaN NaN NaN 1.67073438447248 55
5 0 0 197 10.46 10.0444444444444 156.666666666667 215 130 NaN NaN NaN 1.54354466099363 66
5 0 0 125 13.96 13.96 143.333333333333 144 133.333333333333 NaN NaN NaN 1.75646952298786 71
5 0 0 176 13.29 12.9111111111111 123.333333333333 210 123.333333333333 NaN NaN NaN 1.65966910470438 58
5 0 1 214 13.71 13.1444444444444 125 239 115 31 NaN NaN 1.59516462254226 53
5 0 2 172 11.5 11.5 148.333333333333 304 120 NaN 16 0.011597779995298 1.55542754209564 85
5 0 3 249 14.32 14.0888888888889 133.333333333333 265 100 NaN NaN NaN 1.75156471032954 62
5 1 0 230 11.56 11.9555555555556 151.666666666667 235 111.666666666667 52.5 NaN NaN 1.53774174734533 107
5 2 0 184 12.12 12.12 115 290 126.666666666667 NaN 13.5 NaN 1.41529816531063 107
5 3 0 176 13.29 12.9111111111111 123.333333333333 244 123.333333333333 NaN NaN NaN 1.42311164468806 85
6 0 0 176 10.92 9.12222222222222 133.333333333333 168 98.3333333333333 NaN NaN NaN 1.93158025793047 83
6 0 0 140 10.1 9.03333333333333 133.333333333333 194 98.3333333333333 NaN NaN NaN 1.67709863948049 91
6 0 0 134 8.72 9.8625 123.333333333333 142 90 NaN NaN NaN 1.53102731067129 90
6 0 1 145 11.58 11.9666666666667 66.6666666666667 162 103.333333333333 87.5 NaN NaN 1.86011040945774 108
6 0 2 218 9.39 9.39 120 212 125 NaN 16 0.0114891252930761 1.8547135037254 89
6 0 3 162 10.28 10.525 76.6666666666667 178 116.666666666667 NaN NaN NaN 1.81024858013995 79.5
6 1 0 148 9.35 9.5 83.3333333333333 242 91.6666666666667 49 NaN NaN 2.16092383871683 148
6 2 0 98 10.5 10.1111111111111 110 135 120 NaN 22.5 NaN 1.70521377272622 83
6 3 0 134 8.72 9.8625 123.333333333333 144 112.5 NaN NaN NaN 1.2981468272831 54
